100
48    78  
38    78  
68    78  
98    78  
28    78  
88    78  
58    78  
78    78  
68    78  
18    78  
48    78  
38    78  
68    78  
98    78  
28    78  
88    78  
58    78  
78    78  
68    78  
18    78  
48    78  
38    78  
68    78  
98    78  
28    78  
88    78  
58    78  
78    78  
68    78  
18    78  
48    78  
38    78  
68    78  
98    78  
28    78  
88    78  
58    78  
78    78  
68    78  
18    78  
48    78  
38    78  
68    78  
98    78  
28    78  
88    78  
58    78  
78    78  
68    78  
18    78  
48    78  
38    78  
68    78  
98    78  
28    78  
88    78  
58    78  
78    78  
68    78  
18    78  
48    78  
38    78  
68    78  
98    78  
28    78  
88    78  
58    78  
78    78  
68    78  
18    78  
48    78  
38    78  
68    78  
98    78  
28    78  
88    78  
58    78  
78    78  
68    78  
18    78  
48    78  
38    78  
68    78  
98    78  
28    78  
88    78  
58    78  
78    78  
68    78  
18    78  
48    78  
38    78  
68    78  
98    78  
28    78  
88    78  
58    78  
78    78  
68    78  
18    78  
68    78